# Migration versions applied in DocCy - Testing when supabase/ci/schema.sql was dumped.
# scripts/ci-db/load.mjs applies every repo migration NOT listed here.
# Regenerate with: node scripts/ci-db/dump-snapshot.mjs
20260422214449
20260423113503
20260423114438
20260423121637
20260423123239
20260423123526
20260423124154
20260423162000
20260423162500
20260423164000
20260423171000
20260423173500
20260423175500
20260423182500
20260423183500
20260423190000
20260424123000
20260424131500
20260424134500
20260424141000
20260424143000
20260424152000
20260424160000
20260424170000
20260424173000
20260424175500
20260428150500
20260514180000
20260514201000
20260515103000
20260519120000
20260520125000
20260520130000
20260520140000
20260520141000
20260520150000
20260520160000
20260520170000
20260520180000
20260520190000
20260520193000
20260520200000
20260524120000
20260524130000
20260525140000
20260525141000
20260526120000
20260527120000
20260529100000
20260529120000
20260530120000
20260701120000
20260702120000
20260708120500
20260708143000
20260709123500
20260710120000
20260710140000
20260710141000
20260710150000
20260713190000
20260713200500
20260714120000
20260714120100
20260714163000
20260714180500
20260714181500
20260714182500
20260716084858
20260716110000
20260717113500
20260717114500
20260717160000
20260717160500
20260717162000
20260717163000
20260717163500
20260722193000
20260723113000
20260723184000
20260724180000
20260728180000
20260729110000
20260804180000
20260809120000
20260809140000
20260810180000
20260812180000
20260814120000
20260814130000
20260814190000
20260817120000
20260817130000
20260821120000
20260824140000
20260824153000
20260826190000
20260826200000
20260826210000
20260826220000
20260831120000
20260901140000
20260901150000
20260901160000
20260901170000
20260901180000
20260901190000
20260901200000
20260902180000
20260908055100
20260909090251
20260909123300
20260909143611
20260909150958
20260911140000
20260911180000
20260914120000
20260914121500
20260914130000
20260914150000
20260915153055
20260915153059
20260916103027
20260916111448
20260916120000
20260916130000
20260916150000
20260918093247
20260918154948
20260919085031
20260919092814
20260920072911
20260920073319
20260920074232
20260920081050
20260920143736
20260921075916
20260921104411
20260922045049
20260922095256
20260922103102
20260922135503
20260922143000
20260922163010
20260922173809
20260923072628
20260925070110
20260925090427
20260926073215
20260927074306
20260927112153
20260927140604
